Registro pequeno:
	Aleatório:
		Selection Sort:
			20 itens: 0.000000; 0.000000; 0.000000; 0.000000; 0.000000; 0.000000; 0.000000; 0.000000; 0.000000; 0.000000;
			500 itens: 0.000000; 0.000000; 0.000000; 0.000926; 0.000851; 0.000810; 0.000881; 0.000882; 0.000886; 0.000909;
			5000 itens: 0.033787; 0.028497; 0.028701; 0.027862; 0.027953; 0.028318; 0.027366; 0.028194; 0.027871; 0.027787;
			10000 itens: 0.109615; 0.109338; 0.110462; 0.110247; 0.110477; 0.110328; 0.111352; 0.112327; 0.111208; 0.111721;
			20000 itens: 0.434495; 0.437177; 0.434497; 0.435263; 0.466477; 0.435673; 0.433613; 0.435532; 0.434007; 0.434652;
		Insertion Sort:
			20 itens: 0.000002; 0.000002; 0.000001; 0.000001; 0.000001; 0.000001; 0.000001; 0.000001; 0.000001; 0.000001;
			500 itens: 0.000192; 0.000178; 0.000172; 0.000174; 0.000196; 0.000176; 0.000184; 0.000182; 0.000222; 0.000190;
			5000 itens: 0.018034; 0.022317; 0.021618; 0.021891; 0.020010; 0.017865; 0.017238; 0.021470; 0.022134; 0.021877;
			10000 itens: 0.078328; 0.076410; 0.081270; 0.085481; 0.069445; 0.068640; 0.071842; 0.066015; 0.066402; 0.068793;
			20000 itens: 0.277341; 0.282744; 0.281392; 0.263001; 0.262924; 0.266059; 0.262544; 0.260296; 0.270597; 0.269478;
		Quick Sort:
			20 itens: 0.000001; 0.000001; 0.000001; 0.000001; 0.000001; 0.000001; 0.000001; 0.000001; 0.000001; 0.000001;
			500 itens: 0.000044; 0.000044; 0.000079; 0.000071; 0.000064; 0.000045; 0.000044; 0.000044; 0.000047; 0.000044;
			5000 itens: 0.000574; 0.000579; 0.000598; 0.000584; 0.000571; 0.000594; 0.000599; 0.000612; 0.000572; 0.000554;
			10000 itens: 0.001261; 0.001280; 0.001286; 0.001210; 0.001220; 0.001229; 0.001242; 0.001266; 0.001270; 0.001228;
			20000 itens: 0.002710; 0.002691; 0.002816; 0.002704; 0.002681; 0.002731; 0.002923; 0.002742; 0.002688; 0.002708;
		Shell Sort:
			20 itens: 0.000001; 0.000002; 0.000001; 0.000001; 0.000001; 0.000001; 0.000007; 0.000002; 0.000002; 0.000001;
			500 itens: 0.000058; 0.000060; 0.000057; 0.000057; 0.000059; 0.000058; 0.000057; 0.000058; 0.000055; 0.000056;
			5000 itens: 0.000895; 0.000916; 0.000933; 0.000941; 0.000907; 0.000908; 0.000889; 0.000927; 0.000925; 0.000928;
			10000 itens: 0.002005; 0.002058; 0.002055; 0.002099; 0.002105; 0.002053; 0.002044; 0.002072; 0.002088; 0.002097;
			20000 itens: 0.004547; 0.004674; 0.004890; 0.004804; 0.004583; 0.004939; 0.004874; 0.004883; 0.005154; 0.004784;
		Heap Sort:
			20 itens: 0.000003; 0.000008; 0.000002; 0.000001; 0.000002; 0.000001; 0.000002; 0.000001; 0.000002; 0.000002;
			500 itens: 0.000073; 0.000068; 0.000077; 0.000076; 0.000071; 0.000075; 0.000074; 0.000068; 0.000077; 0.000070;
			5000 itens: 0.001046; 0.000961; 0.000968; 0.001105; 0.000969; 0.001061; 0.001024; 0.001043; 0.000967; 0.001005;
			10000 itens: 0.002191; 0.002219; 0.002587; 0.002307; 0.002409; 0.002203; 0.002219; 0.001993; 0.002280; 0.002169;
			20000 itens: 0.004565; 0.004789; 0.004717; 0.005129; 0.004495; 0.004750; 0.004905; 0.004723; 0.004726; 0.005178;
		Merge Sort:
			20 itens: 0.000004; 0.000002; 0.000002; 0.000002; 0.000002; 0.000002; 0.000001; 0.000002; 0.000002; 0.000002;
			500 itens: 0.000087; 0.000077; 0.000082; 0.000081; 0.000096; 0.000082; 0.000079; 0.000085; 0.000080; 0.000085;
			5000 itens: 0.001041; 0.001003; 0.001030; 0.001058; 0.000949; 0.000867; 0.000894; 0.000000; 0.000000; 0.000000;
			10000 itens: 0.000446; 0.001665; 0.001688; 0.001816; 0.001655; 0.001704; 0.001671; 0.001651; 0.001664; 0.001668;
			20000 itens: 0.003535; 0.003493; 0.003551; 0.003547; 0.003584; 0.003542; 0.003557; 0.003634; 0.003543; 0.003505;
	Crescente:
		Selection Sort:
			20 itens: 0.000001; 0.000001; 0.000001; 0.000001; 0.000001; 0.000001; 0.000001; 0.000001; 0.000001; 0.000001;
			500 itens: 0.000297; 0.000297; 0.000300; 0.000298; 0.000295; 0.000300; 0.000296; 0.000308; 0.000303; 0.000306;
			5000 itens: 0.028138; 0.028052; 0.027756; 0.027629; 0.028090; 0.027630; 0.028540; 0.029211; 0.027874; 0.027721;
			10000 itens: 0.109824; 0.111806; 0.108978; 0.110036; 0.110143; 0.109688; 0.115502; 0.110428; 0.109674; 0.134145;
			20000 itens: 0.437044; 0.444024; 0.438796; 0.441228; 0.433556; 0.457009; 0.445338; 0.440332; 0.469765; 0.450706;
		Insertion Sort:
			20 itens: 0.000006; 0.000001; 0.000001; 0.000001; 0.000000; 0.000001; 0.000000; 0.000000; 0.000000; 0.000000;
			500 itens: 0.000002; 0.000002; 0.000002; 0.000003; 0.000003; 0.000003; 0.000003; 0.000003; 0.000003; 0.000003;
			5000 itens: 0.000021; 0.000021; 0.000021; 0.000022; 0.000021; 0.000021; 0.000021; 0.000021; 0.000021; 0.000021;
			10000 itens: 0.000041; 0.000043; 0.000042; 0.000042; 0.000041; 0.000041; 0.000042; 0.000042; 0.000043; 0.000042;
			20000 itens: 0.000084; 0.000084; 0.000085; 0.000084; 0.000085; 0.000085; 0.000089; 0.000095; 0.000085; 0.000085;
		Quick Sort:
			20 itens: 0.000002; 0.000002; 0.000002; 0.000001; 0.000002; 0.000002; 0.000002; 0.000001; 0.000002; 0.000002;
			500 itens: 0.000770; 0.000662; 0.000676; 0.001028; 0.001080; 0.001043; 0.001045; 0.001078; 0.001060; 0.001059;
			5000 itens: 0.080842; 0.069437; 0.069550; 0.069042; 0.065212; 0.069653; 0.067285; 0.066719; 0.065266; 0.072301;
			10000 itens: 0.290758; 0.270912; 0.264755; 0.265228; 0.290914; 0.282945; 0.281966; 0.272730; 0.264167; 0.264584;
			20000 itens: 1.103486; 1.061286; 1.064395; 1.060696; 1.083748; 1.115484; 1.110859; 1.115698; 1.070870; 1.063098;
		Shell Sort:
			20 itens: 0.000001; 0.000001; 0.000000; 0.000000; 0.000000; 0.000001; 0.000000; 0.000000; 0.000001; 0.000001;
			500 itens: 0.000007; 0.000007; 0.000007; 0.000007; 0.000007; 0.000007; 0.000007; 0.000006; 0.000006; 0.000007;
			5000 itens: 0.000097; 0.000094; 0.000094; 0.000095; 0.000094; 0.000094; 0.000094; 0.000092; 0.000093; 0.000096;
			10000 itens: 0.000198; 0.000202; 0.000233; 0.000275; 0.000208; 0.000180; 0.000201; 0.000199; 0.000207; 0.000206;
			20000 itens: 0.000430; 0.000442; 0.000428; 0.000444; 0.000449; 0.000433; 0.000410; 0.000433; 0.000440; 0.000443;
		Heap Sort:
			20 itens: 0.000002; 0.000002; 0.000001; 0.000001; 0.000001; 0.000001; 0.000001; 0.000002; 0.000001; 0.000001;
			500 itens: 0.000072; 0.000068; 0.000064; 0.000060; 0.000065; 0.000060; 0.000055; 0.000054; 0.000054; 0.000057;
			5000 itens: 0.000867; 0.000922; 0.000828; 0.000987; 0.000909; 0.000892; 0.000860; 0.000972; 0.000933; 0.000925;
			10000 itens: 0.002059; 0.002065; 0.001793; 0.001840; 0.001879; 0.001836; 0.001770; 0.001820; 0.001973; 0.001897;
			20000 itens: 0.004104; 0.004494; 0.004254; 0.004090; 0.003911; 0.004465; 0.003859; 0.004212; 0.004174; 0.004075;
		Merge Sort:
			20 itens: 0.000003; 0.000001; 0.000001; 0.000001; 0.000001; 0.000001; 0.000001; 0.000002; 0.000002; 0.000002;
			500 itens: 0.000040; 0.000040; 0.000040; 0.000039; 0.000039; 0.000039; 0.000039; 0.000039; 0.000039; 0.000039;
			5000 itens: 0.000482; 0.000482; 0.000483; 0.000480; 0.000479; 0.000470; 0.000472; 0.000474; 0.000474; 0.000491;
			10000 itens: 0.001030; 0.001077; 0.001086; 0.001025; 0.001036; 0.001005; 0.001011; 0.001015; 0.001032; 0.001019;
			20000 itens: 0.002137; 0.002189; 0.002180; 0.002144; 0.002133; 0.002137; 0.002141; 0.002113; 0.002217; 0.002115;
	Decrescente:
		Selection Sort:
			20 itens: 0.000001; 0.000001; 0.000001; 0.000001; 0.000001; 0.000001; 0.000001; 0.000001; 0.000001; 0.000007;
			500 itens: 0.000297; 0.000302; 0.000300; 0.000300; 0.000299; 0.000295; 0.000298; 0.000294; 0.000296; 0.000300;
			5000 itens: 0.027837; 0.027823; 0.027647; 0.027644; 0.027778; 0.027569; 0.027808; 0.027544; 0.029210; 0.027726;
			10000 itens: 0.109051; 0.108795; 0.108994; 0.109446; 0.108643; 0.110451; 0.110534; 0.123912; 0.110497; 0.112540;
			20000 itens: 0.436751; 0.446509; 0.449574; 0.431263; 0.436135; 0.439527; 0.441919; 0.440646; 0.438134; 0.442308;
		Insertion Sort:
			20 itens: 0.000000; 0.000000; 0.000000; 0.000000; 0.000001; 0.000000; 0.000000; 0.000001; 0.000001; 0.000001;
			500 itens: 0.000002; 0.000002; 0.000002; 0.000003; 0.000002; 0.000002; 0.000002; 0.000002; 0.000002; 0.000003;
			5000 itens: 0.000021; 0.000021; 0.000021; 0.000021; 0.000021; 0.000021; 0.000021; 0.000021; 0.000021; 0.000020;
			10000 itens: 0.000042; 0.000042; 0.000042; 0.000042; 0.000042; 0.000042; 0.000043; 0.000042; 0.000042; 0.000042;
			20000 itens: 0.000086; 0.000128; 0.000088; 0.000083; 0.000084; 0.000084; 0.000083; 0.000084; 0.000084; 0.000084;
		Quick Sort:
			20 itens: 0.000002; 0.000001; 0.000002; 0.000002; 0.000002; 0.000002; 0.000002; 0.000001; 0.000002; 0.000002;
			500 itens: 0.000675; 0.000648; 0.000647; 0.000731; 0.000661; 0.000665; 0.000688; 0.000728; 0.000654; 0.000648;
			5000 itens: 0.066247; 0.065893; 0.065645; 0.065716; 0.066196; 0.065677; 0.070220; 0.064987; 0.074122; 0.071727;
			10000 itens: 0.265271; 0.261806; 0.264035; 0.269014; 0.267885; 0.262625; 0.262072; 0.269263; 0.265232; 0.266762;
			20000 itens: 1.067310; 1.096523; 1.138275; 1.077738; 1.056453; 1.055578; 1.061486; 1.063262; 1.053822; 1.096169;
		Shell Sort:
			20 itens: 0.000001; 0.000001; 0.000001; 0.000001; 0.000000; 0.000000; 0.000001; 0.000001; 0.000001; 0.000001;
			500 itens: 0.000007; 0.000007; 0.000007; 0.000007; 0.000007; 0.000007; 0.000007; 0.000007; 0.000007; 0.000007;
			5000 itens: 0.000096; 0.000094; 0.000091; 0.000086; 0.000096; 0.000095; 0.000088; 0.000096; 0.000094; 0.000097;
			10000 itens: 0.000199; 0.000201; 0.000210; 0.000203; 0.000203; 0.000203; 0.000203; 0.000201; 0.000202; 0.000195;
			20000 itens: 0.000451; 0.000443; 0.000449; 0.000433; 0.000446; 0.000434; 0.000438; 0.000445; 0.000444; 0.000449;
		Heap Sort:
			20 itens: 0.000002; 0.000002; 0.000002; 0.000001; 0.000001; 0.000001; 0.000002; 0.000001; 0.000001; 0.000001;
			500 itens: 0.000073; 0.000063; 0.000060; 0.000054; 0.000051; 0.000056; 0.000054; 0.000051; 0.000052; 0.000052;
			5000 itens: 0.000795; 0.000939; 0.000979; 0.000802; 0.000954; 0.000936; 0.001015; 0.000812; 0.000843; 0.000850;
			10000 itens: 0.001900; 0.001727; 0.002032; 0.001838; 0.001897; 0.001889; 0.002079; 0.001928; 0.002018; 0.001993;
			20000 itens: 0.004008; 0.004437; 0.004516; 0.003872; 0.004299; 0.003811; 0.004041; 0.003457; 0.003991; 0.004353;
		Merge Sort:
			20 itens: 0.000003; 0.000002; 0.000002; 0.000001; 0.000002; 0.000002; 0.000002; 0.000002; 0.000002; 0.000002;
			500 itens: 0.000041; 0.000040; 0.000040; 0.000039; 0.000038; 0.000039; 0.000039; 0.000040; 0.000040; 0.000040;
			5000 itens: 0.000511; 0.000493; 0.000493; 0.000484; 0.000484; 0.000493; 0.000489; 0.000487; 0.000486; 0.000492;
			10000 itens: 0.001051; 0.001039; 0.001024; 0.001015; 0.001015; 0.001015; 0.001056; 0.001024; 0.001007; 0.001015;
			20000 itens: 0.002143; 0.002139; 0.002139; 0.002151; 0.002133; 0.002140; 0.002163; 0.002131; 0.002161; 0.002138;
Registro grande:
	Aleatório:
		Selection Sort:
			20 itens: 0.000005; 0.000005; 0.000004; 0.000003; 0.000004; 0.000004; 0.000004; 0.000004; 0.000003; 0.000003;
			500 itens: 0.000421; 0.000385; 0.000383; 0.000396; 0.000395; 0.000488; 0.000410; 0.000383; 0.000383; 0.000383;
			5000 itens: 0.035841; 0.036841; 0.037015; 0.037091; 0.036957; 0.036931; 0.037580; 0.038602; 0.040239; 0.039682;
			10000 itens: 0.164766; 0.167145; 0.164280; 0.161830; 0.161888; 0.162153; 0.172466; 0.168186; 0.161418; 0.161652;
			20000 itens: 0.701505; 0.703492; 0.703727; 0.693785; 0.693257; 0.703299; 0.695088; 0.707708; 0.694500; 0.693380;
		Insertion Sort:
			20 itens: 0.000012; 0.000005; 0.000006; 0.000006; 0.000006; 0.000004; 0.000005; 0.000005; 0.000005; 0.000006;
			500 itens: 0.004052; 0.003946; 0.003796; 0.003918; 0.003808; 0.003838; 0.003813; 0.003905; 0.003728; 0.003822;
			5000 itens: 1.190091; 1.204821; 1.098819; 1.005601; 1.016594; 1.015681; 1.062663; 0.990643; 0.993803; 1.018232;
			10000 itens: 5.508117; 5.293493; 5.248987; 5.252184; 5.277013; 5.171904; 5.308917; 5.216308; 5.228532; 5.143564;
			20000 itens: 23.246018; 23.137080; 23.325601; 22.962963; 23.322487; 23.308964; 23.067703; 23.408035; 22.933851; 23.120553;
		Quick Sort:
			20 itens: 0.000008; 0.000008; 0.000009; 0.000009; 0.000009; 0.000009; 0.000010; 0.000008; 0.000008; 0.000009;
			500 itens: 0.000523; 0.000400; 0.000344; 0.000375; 0.000326; 0.000357; 0.000331; 0.000313; 0.000341; 0.000352;
			5000 itens: 0.008981; 0.008033; 0.007747; 0.007856; 0.007259; 0.008648; 0.009387; 0.008860; 0.008072; 0.007433;
			10000 itens: 0.019180; 0.020451; 0.020843; 0.018997; 0.021072; 0.018999; 0.021317; 0.018604; 0.016073; 0.019217;
			20000 itens: 0.039049; 0.040640; 0.046236; 0.047899; 0.047604; 0.048569; 0.055420; 0.039254; 0.044796; 0.049343;
		Shell Sort:
			20 itens: 0.000005; 0.000005; 0.000004; 0.000005; 0.000004; 0.000005; 0.000006; 0.000004; 0.000005; 0.000005;
			500 itens: 0.000521; 0.000460; 0.000492; 0.000427; 0.000467; 0.000501; 0.000438; 0.000488; 0.000438; 0.000425;
			5000 itens: 0.014399; 0.014850; 0.014655; 0.014405; 0.014777; 0.014988; 0.015280; 0.014598; 0.014819; 0.015040;
			10000 itens: 0.036658; 0.036515; 0.035733; 0.035863; 0.036542; 0.036521; 0.037308; 0.036514; 0.037955; 0.035852;
			20000 itens: 0.092378; 0.095215; 0.089200; 0.091397; 0.089944; 0.088749; 0.091473; 0.093528; 0.090848; 0.086599;
		Heap Sort:
			20 itens: 0.000008; 0.000008; 0.000008; 0.000008; 0.000007; 0.000008; 0.000008; 0.000008; 0.000008; 0.000008;
			500 itens: 0.000530; 0.000495; 0.000490; 0.000488; 0.000490; 0.000522; 0.000487; 0.000489; 0.000485; 0.000488;
			5000 itens: 0.011049; 0.011333; 0.011017; 0.011236; 0.011149; 0.011029; 0.010928; 0.010931; 0.011434; 0.011103;
			10000 itens: 0.026678; 0.026473; 0.026891; 0.026612; 0.026447; 0.026814; 0.026686; 0.026420; 0.026518; 0.026992;
			20000 itens: 0.062056; 0.062527; 0.061862; 0.061797; 0.062458; 0.062245; 0.061850; 0.062565; 0.062066; 0.062052;
		Merge Sort:
			20 itens: 0.000016; 0.000010; 0.000009; 0.000010; 0.000010; 0.000009; 0.000010; 0.000010; 0.000009; 0.000009;
			500 itens: 0.000000; 0.000000; 0.000000; 0.000158; 0.000000; 0.000000; 0.000000; 0.000000; 0.000483; 0.000855;
			5000 itens: 0.010392; 0.017353; 0.017689; 0.013491; 0.013685; 0.017520; 0.005571; 0.017589; 0.009459; 0.017966;
			10000 itens: 0.038595; 0.032670; 0.037356; 0.041385; 0.036913; 0.032967; 0.036753; 0.028948; 0.036979; 0.028821;
			20000 itens: 0.083973; 0.079544; 0.075921; 0.080838; 0.076221; 0.079678; 0.088429; 0.079646; 0.079854; 0.079629;
	Crescente:
		Selection Sort:
			20 itens: 0.000003; 0.000003; 0.000010; 0.000003; 0.000003; 0.000002; 0.000002; 0.000002; 0.000003; 0.000003;
			500 itens: 0.000373; 0.000361; 0.000348; 0.000349; 0.000362; 0.000350; 0.000350; 0.000345; 0.000348; 0.000349;
			5000 itens: 0.035650; 0.035152; 0.035334; 0.035288; 0.035437; 0.035391; 0.035400; 0.035529; 0.035067; 0.035470;
			10000 itens: 0.158374; 0.158390; 0.159076; 0.158819; 0.159267; 0.159335; 0.160687; 0.158410; 0.159832; 0.170624;
			20000 itens: 0.684320; 0.685254; 0.685696; 0.689249; 0.687010; 0.688989; 0.688774; 0.689450; 0.683991; 0.684847;
		Insertion Sort:
			20 itens: 0.000002; 0.000001; 0.000002; 0.000002; 0.000002; 0.000002; 0.000001; 0.000001; 0.000001; 0.000002;
			500 itens: 0.000073; 0.000043; 0.000042; 0.000041; 0.000042; 0.000042; 0.000042; 0.000042; 0.000041; 0.000041;
			5000 itens: 0.001011; 0.001015; 0.000998; 0.000991; 0.000991; 0.000985; 0.000969; 0.000983; 0.001228; 0.001010;
			10000 itens: 0.002074; 0.002029; 0.002008; 0.002104; 0.002012; 0.002112; 0.002074; 0.002016; 0.002013; 0.002040;
			20000 itens: 0.004401; 0.004134; 0.004185; 0.004117; 0.004118; 0.004136; 0.004384; 0.004265; 0.004166; 0.004119;
		Quick Sort:
			20 itens: 0.000022; 0.000021; 0.000021; 0.000021; 0.000021; 0.000020; 0.000020; 0.000021; 0.000021; 0.000020;
			500 itens: 0.014176; 0.014186; 0.014107; 0.014208; 0.014175; 0.014104; 0.014172; 0.014167; 0.014108; 0.014201;
			5000 itens: 2.508253; 2.504350; 2.503591; 2.489663; 2.502226; 2.489333; 2.495629; 2.501683; 2.499530; 2.496177;
			10000 itens: 10.867313; 10.872213; 10.853182; 10.892670; 10.868198; 10.876551; 10.858708; 10.850508; 10.982378; 10.923205;
			20000 itens: 45.049899; 45.104293; 45.083898; 45.069187; 45.070463; 45.069565; 45.067229; 45.026083; 45.035875; 45.095655;
		Shell Sort:
			20 itens: 0.000001; 0.000000; 0.000000; 0.000000; 0.000000; 0.000000; 0.000000; 0.000000; 0.000000; 0.000000;
			500 itens: 0.000008; 0.000007; 0.000008; 0.000008; 0.000007; 0.000007; 0.000007; 0.000007; 0.000008; 0.000008;
			5000 itens: 0.000190; 0.000163; 0.000156; 0.000158; 0.000156; 0.000156; 0.000153; 0.000152; 0.000157; 0.000159;
			10000 itens: 0.000401; 0.000387; 0.000379; 0.000594; 0.000430; 0.000368; 0.000377; 0.000365; 0.000395; 0.000368;
			20000 itens: 0.001185; 0.001138; 0.001148; 0.001137; 0.001134; 0.001128; 0.001103; 0.003253; 0.001231; 0.001281;
		Heap Sort:
			20 itens: 0.000009; 0.000008; 0.000009; 0.000008; 0.000008; 0.000008; 0.000008; 0.000008; 0.000008; 0.000008;
			500 itens: 0.000513; 0.000482; 0.000473; 0.000477; 0.000478; 0.000473; 0.000467; 0.000465; 0.000467; 0.000467;
			5000 itens: 0.009548; 0.009544; 0.009951; 0.009613; 0.009677; 0.009536; 0.009822; 0.009476; 0.009468; 0.009511;
			10000 itens: 0.021338; 0.021159; 0.021405; 0.021166; 0.021026; 0.021429; 0.021087; 0.021123; 0.021084; 0.021022;
			20000 itens: 0.045365; 0.045304; 0.044985; 0.044928; 0.045623; 0.045647; 0.045220; 0.045317; 0.044933; 0.045134;
		Merge Sort:
			20 itens: 0.000022; 0.000010; 0.000009; 0.000009; 0.000009; 0.000009; 0.000010; 0.000009; 0.000009; 0.000009;
			500 itens: 0.000898; 0.000616; 0.000616; 0.000620; 0.000633; 0.000615; 0.000615; 0.000614; 0.000615; 0.000616;
			5000 itens: 0.013458; 0.014444; 0.014340; 0.014356; 0.014202; 0.014349; 0.014612; 0.014113; 0.014440; 0.014435;
			10000 itens: 0.037176; 0.034460; 0.033781; 0.033939; 0.034356; 0.034271; 0.033979; 0.034052; 0.033926; 0.034108;
			20000 itens: 0.082039; 0.079058; 0.079056; 0.083564; 0.075085; 0.077330; 0.063696; 0.071377; 0.079541; 0.079062;
	Decrescente:
		Selection Sort:
			20 itens: 0.000003; 0.000002; 0.000002; 0.000002; 0.000002; 0.000003; 0.000003; 0.000003; 0.000003; 0.000002;
			500 itens: 0.000406; 0.000362; 0.000351; 0.000351; 0.000353; 0.000349; 0.000366; 0.000351; 0.000350; 0.000351;
			5000 itens: 0.035073; 0.035109; 0.035769; 0.035252; 0.035198; 0.035148; 0.034955; 0.035164; 0.035217; 0.035387;
			10000 itens: 0.159721; 0.158271; 0.158511; 0.158779; 0.158596; 0.158209; 0.158351; 0.158617; 0.158659; 0.159012;
			20000 itens: 0.685788; 0.686153; 0.680482; 0.681142; 0.686021; 0.685709; 0.686492; 0.687601; 0.689618; 0.685533;
		Insertion Sort:
			20 itens: 0.000001; 0.000001; 0.000001; 0.000002; 0.000002; 0.000002; 0.000001; 0.000001; 0.000001; 0.000002;
			500 itens: 0.000060; 0.000049; 0.000046; 0.000046; 0.000044; 0.000044; 0.000044; 0.000045; 0.000043; 0.000043;
			5000 itens: 0.000990; 0.001219; 0.001088; 0.001137; 0.001077; 0.001024; 0.001014; 0.001013; 0.001021; 0.001013;
			10000 itens: 0.002184; 0.002049; 0.002144; 0.002079; 0.002120; 0.002077; 0.002068; 0.002309; 0.002071; 0.002121;
			20000 itens: 0.004295; 0.004184; 0.004236; 0.004142; 0.004500; 0.004197; 0.004229; 0.004186; 0.004188; 0.004247;
		Quick Sort:
			20 itens: 0.000025; 0.000021; 0.000020; 0.000020; 0.000020; 0.000020; 0.000021; 0.000020; 0.000020; 0.000020;
			500 itens: 0.014241; 0.014122; 0.014125; 0.014139; 0.014113; 0.014185; 0.014122; 0.014149; 0.014105; 0.014217;
			5000 itens: 2.496424; 2.493837; 2.501029; 2.675106; 2.499169; 2.534717; 2.496416; 2.510426; 2.494218; 2.500973;
			10000 itens: 10.866626; 10.858232; 10.850335; 10.851240; 10.863908; 10.883227; 10.857322; 10.868459; 10.861536; 10.879696;
			20000 itens: 45.265985; 45.043343; 45.022268; 45.109739; 45.102110; 45.048055; 44.989636; 44.996454; 45.064907; 45.270588;
		Shell Sort:
			20 itens: 0.000000; 0.000001; 0.000000; 0.000000; 0.000001; 0.000000; 0.000001; 0.000000; 0.000001; 0.000001;
			500 itens: 0.000008; 0.000007; 0.000008; 0.000008; 0.000008; 0.000007; 0.000007; 0.000007; 0.000008; 0.000008;
			5000 itens: 0.000193; 0.000168; 0.000160; 0.000163; 0.000159; 0.000200; 0.000168; 0.000156; 0.000160; 0.000154;
			10000 itens: 0.000433; 0.000401; 0.000397; 0.000579; 0.000426; 0.000384; 0.000386; 0.000387; 0.000393; 0.000387;
			20000 itens: 0.001174; 0.001119; 0.001152; 0.001236; 0.001113; 0.001081; 0.001338; 0.001170; 0.001182; 0.001095;
		Heap Sort:
			20 itens: 0.000017; 0.000009; 0.000008; 0.000008; 0.000008; 0.000008; 0.000008; 0.000008; 0.000009; 0.000008;
			500 itens: 0.000510; 0.000479; 0.000472; 0.000475; 0.000468; 0.000476; 0.000471; 0.000468; 0.000471; 0.000466;
			5000 itens: 0.009601; 0.009545; 0.009513; 0.009613; 0.009706; 0.009535; 0.009702; 0.009753; 0.010484; 0.009654;
			10000 itens: 0.021358; 0.020919; 0.021002; 0.021094; 0.021756; 0.021012; 0.021156; 0.021206; 0.020987; 0.021150;
			20000 itens: 0.045244; 0.045128; 0.045096; 0.044867; 0.045432; 0.045385; 0.045094; 0.044867; 0.045080; 0.045040;
		Merge Sort:
			20 itens: 0.000014; 0.000010; 0.000009; 0.000009; 0.000010; 0.000009; 0.000009; 0.000009; 0.000009; 0.000009;
			500 itens: 0.000927; 0.000623; 0.000614; 0.000613; 0.000614; 0.000648; 0.000614; 0.000619; 0.000614; 0.000613;
			5000 itens: 0.012763; 0.014495; 0.014545; 0.014446; 0.015049; 0.014536; 0.014327; 0.014322; 0.014523; 0.014297;
			10000 itens: 0.036467; 0.034304; 0.033981; 0.034161; 0.034122; 0.034342; 0.034062; 0.034095; 0.034146; 0.033554;
			20000 itens: 0.072822; 0.077475; 0.077381; 0.073861; 0.074336; 0.077393; 0.073552; 0.070268; 0.074102; 0.074358;
