Registro pequeno:
	Aleatório:
		Selection Sort:
			20 itens: 0.000001; 0.000000; 0.000000; 0.000000; 0.000000; 0.000000; 0.000001; 0.000001; 0.000001; 0.000001;    Médias:  tempo:0.000000; comparações: 190; delocamentos: 57
			500 itens: 0.000171; 0.000543; 0.000506; 0.000512; 0.000510; 0.000512; 0.000511; 0.000514; 0.000523; 0.000523;    Médias:  tempo:0.000482; comparações: 124750; delocamentos: 1497
			5000 itens: 0.050042; 0.049262; 0.048993; 0.049015; 0.049033; 0.049052; 0.048989; 0.048919; 0.049105; 0.049033;    Médias:  tempo:0.049144; comparações: 12497500; delocamentos: 14997
			10000 itens: 0.201254; 0.196191; 0.196156; 0.196738; 0.196213; 0.196616; 0.196712; 0.196358; 0.196144; 0.196550;    Médias:  tempo:0.196893; comparações: 49995000; delocamentos: 29997
			100000 itens: 19.748033; 19.830251; 19.901467; 19.705547; 19.715019; 19.721032; 19.720775; 19.695011; 19.674170; 19.681350;    Médias:  tempo:19.739266; comparações: -154010755; delocamentos: 299997
		Insertion Sort:
			20 itens: 0.000000; 0.000000; 0.000000; 0.000000; 0.000000; 0.000000; 0.000000; 0.000000; 0.000000; 0.000000;    Médias:  tempo:0.000000; comparações: 19; delocamentos: 92
			500 itens: 0.000000; 0.000000; 0.000000; 0.000378; 0.000374; 0.000336; 0.000351; 0.000356; 0.000349; 0.000342;    Médias:  tempo:0.000249; comparações: 499; delocamentos: 60800
			5000 itens: 0.037215; 0.037137; 0.036419; 0.036820; 0.036164; 0.037083; 0.035889; 0.036668; 0.035637; 0.036987;    Médias:  tempo:0.036602; comparações: 4999; delocamentos: 6233758
			10000 itens: 0.144754; 0.147289; 0.146151; 0.144778; 0.147454; 0.147277; 0.146866; 0.146354; 0.147591; 0.145524;    Médias:  tempo:0.146404; comparações: 9999; delocamentos: 24896141
			100000 itens: 15.242850; 15.023231; 14.876269; 14.698058; 14.556296; 14.712116; 14.666940; 14.526224; 14.617744; 14.760439;    Médias:  tempo:14.768017; comparações: 99999; delocamentos: -74290083
		Quick Sort:
			20 itens: 0.000001; 0.000001; 0.000000; 0.000000; 0.000001; 0.000001; 0.000000; 0.000001; 0.000001; 0.000000;    Médias:  tempo:0.000001; comparações: 56; delocamentos: 75
			500 itens: 0.000016; 0.000016; 0.000015; 0.000015; 0.000016; 0.000015; 0.000014; 0.000014; 0.000014; 0.000014;    Médias:  tempo:0.000015; comparações: 3411; delocamentos: 3527
			5000 itens: 0.000188; 0.000184; 0.000184; 0.000721; 0.000737; 0.000737; 0.000720; 0.000712; 0.000726; 0.000725;    Médias:  tempo:0.000563; comparações: 48876; delocamentos: 46722
			10000 itens: 0.001725; 0.001602; 0.001549; 0.001686; 0.001552; 0.001554; 0.001556; 0.001509; 0.001569; 0.001571;    Médias:  tempo:0.001587; comparações: 107736; delocamentos: 100336
			100000 itens: 0.019201; 0.018499; 0.018611; 0.018265; 0.018777; 0.018391; 0.018253; 0.018807; 0.018614; 0.018746;    Médias:  tempo:0.018616; comparações: 1422367; delocamentos: 1231317
		Shell Sort:
			20 itens: 0.000002; 0.000002; 0.000001; 0.000002; 0.000001; 0.000002; 0.000007; 0.000002; 0.000001; 0.000002;    Médias:  tempo:0.000002; comparações: 74; delocamentos: 121
			500 itens: 0.000071; 0.000074; 0.000074; 0.000073; 0.000074; 0.000074; 0.000073; 0.000075; 0.000075; 0.000076;    Médias:  tempo:0.000074; comparações: 5860; delocamentos: 10814
			5000 itens: 0.001216; 0.001272; 0.001181; 0.001204; 0.001231; 0.001210; 0.001251; 0.001245; 0.001205; 0.001281;    Médias:  tempo:0.001230; comparações: 100739; delocamentos: 203415
			10000 itens: 0.004412; 0.004364; 0.004462; 0.003158; 0.002719; 0.002869; 0.003000; 0.002844; 0.002970; 0.002802;    Médias:  tempo:0.003360; comparações: 233722; delocamentos: 488473
			100000 itens: 0.046601; 0.044889; 0.043966; 0.043562; 0.044808; 0.045183; 0.049154; 0.045800; 0.046124; 0.046903;    Médias:  tempo:0.045699; comparações: 3861491; delocamentos: 8807193
		Heap Sort:
			20 itens: 0.000003; 0.000002; 0.000002; 0.000009; 0.000002; 0.000002; 0.000002; 0.000002; 0.000001; 0.000002;    Médias:  tempo:0.000003; comparações: 248; delocamentos: 218
			500 itens: 0.000091; 0.000098; 0.000095; 0.000093; 0.000100; 0.000098; 0.000093; 0.000093; 0.000091; 0.000096;    Médias:  tempo:0.000095; comparações: 12904; delocamentos: 12154
			5000 itens: 0.001294; 0.001255; 0.001390; 0.001264; 0.001388; 0.001370; 0.001370; 0.001342; 0.001394; 0.001302;    Médias:  tempo:0.001337; comparações: 178774; delocamentos: 171274
			10000 itens: 0.002734; 0.002777; 0.002798; 0.002857; 0.002728; 0.002795; 0.002733; 0.002847; 0.002857; 0.002713;    Médias:  tempo:0.002784; comparações: 387607; delocamentos: 372607
			100000 itens: 0.036719; 0.036775; 0.037343; 0.037546; 0.036472; 0.036873; 0.036670; 0.036980; 0.036556; 0.036120;    Médias:  tempo:0.036805; comparações: 4874625; delocamentos: 4724625
		Merge Sort:
			20 itens: 0.000230; 0.000010; 0.000008; 0.000009; 0.000010; 0.000008; 0.000008; 0.000008; 0.000010; 0.000008;    Médias:  tempo:0.000031; comparações: 64; delocamentos: 88
			500 itens: 0.003296; 0.000514; 0.000326; 0.000293; 0.000304; 0.000290; 0.000306; 0.000295; 0.000296; 0.000301;    Médias:  tempo:0.000622; comparações: 3847; delocamentos: 4488
			5000 itens: 0.008687; 0.004907; 0.004759; 0.004564; 0.004470; 0.004473; 0.004410; 0.004461; 0.004454; 0.003366;    Médias:  tempo:0.004855; comparações: 55221; delocamentos: 61808
			10000 itens: 0.008660; 0.010055; 0.009989; 0.009993; 0.009948; 0.009989; 0.009980; 0.005953; 0.009903; 0.009996;    Médias:  tempo:0.009447; comparações: 120430; delocamentos: 133616
			100000 itens: 0.159889; 0.130299; 0.136002; 0.123306; 0.126203; 0.130449; 0.125935; 0.127400; 0.126044; 0.129907;    Médias:  tempo:0.131543; comparações: 1536331; delocamentos: 1668928
	Crescente:
		Selection Sort:
			20 itens: 0.000002; 0.000002; 0.000001; 0.000001; 0.000001; 0.000001; 0.000001; 0.000001; 0.000001; 0.000002;    Médias:  tempo:0.000001; comparações: 190; delocamentos: 57
			500 itens: 0.000490; 0.000489; 0.000490; 0.000487; 0.000491; 0.000495; 0.000489; 0.000486; 0.000487; 0.000492;    Médias:  tempo:0.000490; comparações: 124750; delocamentos: 1497
			5000 itens: 0.048843; 0.048783; 0.048900; 0.048835; 0.048876; 0.048831; 0.048941; 0.048735; 0.048828; 0.048943;    Médias:  tempo:0.048852; comparações: 12497500; delocamentos: 14997
			10000 itens: 0.195885; 0.196053; 0.195892; 0.196370; 0.195820; 0.196171; 0.195971; 0.195867; 0.195925; 0.195846;    Médias:  tempo:0.195980; comparações: 49995000; delocamentos: 29997
			100000 itens: 19.693464; 19.697621; 19.697592; 19.695143; 19.692267; 19.728924; 19.732073; 19.682488; 19.723753; 19.692161;    Médias:  tempo:19.703549; comparações: -154010755; delocamentos: 299997
		Insertion Sort:
			20 itens: 0.000000; 0.000001; 0.000000; 0.000000; 0.000000; 0.000000; 0.000000; 0.000000; 0.000000; 0.000001;    Médias:  tempo:0.000000; comparações: 19; delocamentos: 0
			500 itens: 0.000003; 0.000004; 0.000003; 0.000003; 0.000004; 0.000003; 0.000003; 0.000003; 0.000004; 0.000003;    Médias:  tempo:0.000003; comparações: 499; delocamentos: 0
			5000 itens: 0.000030; 0.000030; 0.000031; 0.000030; 0.000030; 0.000030; 0.000030; 0.000031; 0.000030; 0.000030;    Médias:  tempo:0.000030; comparações: 4999; delocamentos: 0
			10000 itens: 0.000060; 0.000061; 0.000060; 0.000060; 0.000060; 0.000059; 0.000060; 0.000060; 0.000059; 0.000060;    Médias:  tempo:0.000060; comparações: 9999; delocamentos: 0
			100000 itens: 0.000604; 0.000626; 0.000617; 0.000605; 0.000605; 0.000604; 0.000638; 0.000604; 0.000622; 0.000606;    Médias:  tempo:0.000613; comparações: 99999; delocamentos: 0
		Quick Sort:
			20 itens: 0.000002; 0.000001; 0.000001; 0.000001; 0.000001; 0.000001; 0.000001; 0.000001; 0.000001; 0.000000;    Médias:  tempo:0.000001; comparações: 54; delocamentos: 36
			500 itens: 0.000020; 0.000018; 0.000019; 0.000018; 0.000018; 0.000018; 0.000018; 0.000018; 0.000017; 0.000019;    Médias:  tempo:0.000018; comparações: 3498; delocamentos: 765
			5000 itens: 0.000251; 0.000232; 0.000234; 0.000249; 0.000237; 0.000236; 0.000245; 0.000240; 0.000245; 0.000242;    Médias:  tempo:0.000241; comparações: 51822; delocamentos: 8856
			10000 itens: 0.000498; 0.000501; 0.000503; 0.000494; 0.000509; 0.000511; 0.000505; 0.000515; 0.000496; 0.000511;    Médias:  tempo:0.000504; comparações: 113631; delocamentos: 17712
			100000 itens: 0.006207; 0.006138; 0.006139; 0.006127; 0.006132; 0.006210; 0.006538; 0.006207; 0.006167; 0.006197;    Médias:  tempo:0.006206; comparações: 1468946; delocamentos: 196605
		Shell Sort:
			20 itens: 0.000001; 0.000000; 0.000001; 0.000000; 0.000001; 0.000001; 0.000001; 0.000000; 0.000007; 0.000001;    Médias:  tempo:0.000001; comparações: 42; delocamentos: 0
			500 itens: 0.000011; 0.000012; 0.000013; 0.000011; 0.000011; 0.000012; 0.000011; 0.000012; 0.000011; 0.000012;    Médias:  tempo:0.000012; comparações: 2457; delocamentos: 0
			5000 itens: 0.000156; 0.000156; 0.000174; 0.000156; 0.000156; 0.000156; 0.000157; 0.000156; 0.000174; 0.000157;    Médias:  tempo:0.000160; comparações: 35084; delocamentos: 0
			10000 itens: 0.000335; 0.000334; 0.000340; 0.000339; 0.000344; 0.000340; 0.000372; 0.000347; 0.000362; 0.000349;    Médias:  tempo:0.000346; comparações: 75243; delocamentos: 0
			100000 itens: 0.004436; 0.004324; 0.004292; 0.004310; 0.004312; 0.004313; 0.004483; 0.004320; 0.004297; 0.004308;    Médias:  tempo:0.004339; comparações: 967146; delocamentos: 0
		Heap Sort:
			20 itens: 0.000003; 0.000002; 0.000002; 0.000002; 0.000002; 0.000002; 0.000001; 0.000002; 0.000001; 0.000002;    Médias:  tempo:0.000002; comparações: 273; delocamentos: 243
			500 itens: 0.000099; 0.000091; 0.000100; 0.000089; 0.000096; 0.000095; 0.000095; 0.000093; 0.000086; 0.000095;    Médias:  tempo:0.000094; comparações: 13815; delocamentos: 13065
			5000 itens: 0.001237; 0.001320; 0.001326; 0.001354; 0.001226; 0.001251; 0.001321; 0.001296; 0.001175; 0.001284;    Médias:  tempo:0.001279; comparações: 190299; delocamentos: 182799
			10000 itens: 0.002909; 0.002830; 0.002704; 0.002550; 0.002695; 0.002652; 0.002510; 0.002950; 0.002950; 0.002716;    Médias:  tempo:0.002747; comparações: 410871; delocamentos: 395871
			100000 itens: 0.032678; 0.033429; 0.033044; 0.033640; 0.032649; 0.033012; 0.032700; 0.033848; 0.033384; 0.032578;    Médias:  tempo:0.033096; comparações: 5102565; delocamentos: 4952565
		Merge Sort:
			20 itens: 0.000040; 0.000010; 0.000018; 0.000009; 0.000009; 0.000008; 0.000010; 0.000008; 0.000008; 0.000008;    Médias:  tempo:0.000013; comparações: 48; delocamentos: 88
			500 itens: 0.000610; 0.000427; 0.000351; 0.000319; 0.000320; 0.000312; 0.000329; 0.000316; 0.000320; 0.000318;    Médias:  tempo:0.000362; comparações: 2272; delocamentos: 4488
			5000 itens: 0.005903; 0.005703; 0.005642; 0.005637; 0.005678; 0.005626; 0.005576; 0.005542; 0.005660; 0.005612;    Médias:  tempo:0.005658; comparações: 32004; delocamentos: 61808
			10000 itens: 0.011856; 0.016544; 0.012758; 0.012180; 0.011915; 0.011911; 0.011906; 0.011873; 0.011920; 0.011991;    Médias:  tempo:0.012485; comparações: 69008; delocamentos: 133616
			100000 itens: 0.116386; 0.113502; 0.116421; 0.120214; 0.116444; 0.120424; 0.113204; 0.116277; 0.112408; 0.120738;    Médias:  tempo:0.116602; comparações: 853904; delocamentos: 1668928
	Decrescente:
		Selection Sort:
			20 itens: 0.000001; 0.000000; 0.000000; 0.000001; 0.000000; 0.000001; 0.000000; 0.000000; 0.000000; 0.000000;    Médias:  tempo:0.000000; comparações: 190; delocamentos: 57
			500 itens: 0.000129; 0.000127; 0.000124; 0.000124; 0.000125; 0.000512; 0.000548; 0.000512; 0.000495; 0.000495;    Médias:  tempo:0.000319; comparações: 124750; delocamentos: 1497
			5000 itens: 0.049935; 0.049580; 0.049301; 0.049346; 0.049382; 0.049358; 0.049441; 0.049447; 0.049519; 0.049488;    Médias:  tempo:0.049480; comparações: 12497500; delocamentos: 14997
			10000 itens: 0.198114; 0.197960; 0.197328; 0.201254; 0.197207; 0.197502; 0.227416; 0.211585; 0.202629; 0.200916;    Médias:  tempo:0.203191; comparações: 49995000; delocamentos: 29997
			100000 itens: 21.402937; 20.371208; 21.477801; 22.371616; 21.926196; 22.391369; 22.068508; 21.083009; 21.167697; 20.083270;    Médias:  tempo:21.434361; comparações: -154010755; delocamentos: 299997
		Insertion Sort:
			20 itens: 0.000002; 0.000002; 0.000002; 0.000001; 0.000001; 0.000001; 0.000002; 0.000002; 0.000002; 0.000001;    Médias:  tempo:0.000002; comparações: 19; delocamentos: 190
			500 itens: 0.000725; 0.000731; 0.000732; 0.000727; 0.000736; 0.000751; 0.000732; 0.000733; 0.000732; 0.000740;    Médias:  tempo:0.000734; comparações: 499; delocamentos: 124750
			5000 itens: 0.072304; 0.072237; 0.072308; 0.072441; 0.072278; 0.072237; 0.072240; 0.072873; 0.072284; 0.072268;    Médias:  tempo:0.072347; comparações: 4999; delocamentos: 12497500
			10000 itens: 0.289897; 0.288833; 0.298317; 0.290608; 0.288824; 0.288830; 0.288959; 0.288818; 0.290698; 0.299302;    Médias:  tempo:0.291309; comparações: 9999; delocamentos: 49995000
			100000 itens: 29.295482; 29.261786; 29.105494; 29.257806; 29.612116; 36.525775; 29.141447; 29.263982; 29.237363; 29.286723;    Médias:  tempo:29.998797; comparações: 99999; delocamentos: -154010755
		Quick Sort:
			20 itens: 0.000002; 0.000001; 0.000001; 0.000001; 0.000001; 0.000001; 0.000001; 0.000001; 0.000001; 0.000001;    Médias:  tempo:0.000001; comparações: 38; delocamentos: 66
			500 itens: 0.000020; 0.000020; 0.000020; 0.000020; 0.000019; 0.000019; 0.000018; 0.000019; 0.000018; 0.000019;    Médias:  tempo:0.000019; comparações: 3006; delocamentos: 1512
			5000 itens: 0.000249; 0.000246; 0.000247; 0.000247; 0.000245; 0.000247; 0.000245; 0.000271; 0.000260; 0.000252;    Médias:  tempo:0.000251; comparações: 46834; delocamentos: 16356
			10000 itens: 0.000544; 0.000545; 0.000539; 0.000544; 0.000537; 0.000546; 0.000538; 0.000537; 0.000541; 0.000537;    Médias:  tempo:0.000541; comparações: 103644; delocamentos: 32712
			100000 itens: 0.006590; 0.006341; 0.006341; 0.006415; 0.006462; 0.006564; 0.006586; 0.007187; 0.006347; 0.006374;    Médias:  tempo:0.006521; comparações: 1368962; delocamentos: 346602
		Shell Sort:
			20 itens: 0.000002; 0.000002; 0.000001; 0.000001; 0.000001; 0.000001; 0.000001; 0.000001; 0.000001; 0.000001;    Médias:  tempo:0.000001; comparações: 60; delocamentos: 90
			500 itens: 0.000034; 0.000035; 0.000033; 0.000034; 0.000034; 0.000035; 0.000035; 0.000035; 0.000032; 0.000032;    Médias:  tempo:0.000034; comparações: 4053; delocamentos: 5412
			5000 itens: 0.000382; 0.000405; 0.000399; 0.000394; 0.000379; 0.000400; 0.000389; 0.000405; 0.000405; 0.000408;    Médias:  tempo:0.000397; comparações: 51491; delocamentos: 57636
			10000 itens: 0.000956; 0.000965; 0.000975; 0.000949; 0.000958; 0.000960; 0.000979; 0.000957; 0.000961; 0.000991;    Médias:  tempo:0.000965; comparações: 120190; delocamentos: 161112
			100000 itens: 0.011713; 0.011944; 0.011671; 0.011568; 0.011539; 0.011803; 0.011741; 0.011994; 0.011852; 0.017450;    Médias:  tempo:0.012327; comparações: 1533494; delocamentos: 1858962
		Heap Sort:
			20 itens: 0.000004; 0.000003; 0.000003; 0.000003; 0.000002; 0.000002; 0.000003; 0.000002; 0.000002; 0.000003;    Médias:  tempo:0.000003; comparações: 219; delocamentos: 189
			500 itens: 0.000091; 0.000078; 0.000078; 0.000078; 0.000074; 0.000082; 0.000073; 0.000077; 0.000073; 0.000082;    Médias:  tempo:0.000079; comparações: 11781; delocamentos: 11031
			5000 itens: 0.001159; 0.001109; 0.001138; 0.001155; 0.001089; 0.001153; 0.001218; 0.001184; 0.001149; 0.001142;    Médias:  tempo:0.001150; comparações: 167811; delocamentos: 160311
			10000 itens: 0.002822; 0.002524; 0.002366; 0.002715; 0.002551; 0.002677; 0.002669; 0.002515; 0.002425; 0.002643;    Médias:  tempo:0.002591; comparações: 365091; delocamentos: 350091
			100000 itens: 0.030897; 0.030216; 0.032021; 0.031143; 0.031707; 0.030507; 0.031093; 0.031062; 0.032331; 0.030517;    Médias:  tempo:0.031149; comparações: 4642305; delocamentos: 4492305
		Merge Sort:
			20 itens: 0.000047; 0.000009; 0.000008; 0.000009; 0.000011; 0.000008; 0.000008; 0.000008; 0.000009; 0.000012;    Médias:  tempo:0.000013; comparações: 40; delocamentos: 88
			500 itens: 0.000629; 0.000424; 0.000321; 0.000321; 0.000325; 0.000333; 0.000319; 0.000311; 0.000329; 0.000312;    Médias:  tempo:0.000362; comparações: 2216; delocamentos: 4488
			5000 itens: 0.006059; 0.005774; 0.005684; 0.005595; 0.005574; 0.005533; 0.005526; 0.005512; 0.005591; 0.005553;    Médias:  tempo:0.005640; comparações: 29804; delocamentos: 61808
			10000 itens: 0.011810; 0.011895; 0.011812; 0.011829; 0.011771; 0.011756; 0.011740; 0.011797; 0.011865; 0.011848;    Médias:  tempo:0.011812; comparações: 64608; delocamentos: 133616
			100000 itens: 0.117082; 0.108544; 0.120120; 0.120148; 0.116057; 0.117409; 0.120235; 0.112152; 0.129901; 0.114060;    Médias:  tempo:0.117571; comparações: 815024; delocamentos: 1668928
Registro grande:
	Aleatório:
		Selection Sort:
			20 itens: 0.000018; 0.000003; 0.000004; 0.000004; 0.000003; 0.000004; 0.000003; 0.000004; 0.000003; 0.000004;    Médias:  tempo:0.000005; comparações: 190; delocamentos: 57
			500 itens: 0.000650; 0.000616; 0.000626; 0.000614; 0.000631; 0.000613; 0.000613; 0.000618; 0.000624; 0.000617;    Médias:  tempo:0.000622; comparações: 124750; delocamentos: 1497
			5000 itens: 0.060052; 0.060077; 0.059953; 0.059903; 0.060019; 0.059982; 0.060108; 0.059942; 0.060036; 0.059959;    Médias:  tempo:0.060003; comparações: 12497500; delocamentos: 14997
			10000 itens: 0.264633; 0.264056; 0.265363; 0.262485; 0.262481; 0.262371; 0.262560; 0.262733; 0.263028; 0.262685;    Médias:  tempo:0.263239; comparações: 49995000; delocamentos: 29997
			100000 itens: 96.006714; 96.117555; 96.089054; 96.089159; 95.997341; 95.995255; 95.955835; 95.908155; 96.107750; 96.004347;    Médias:  tempo:96.027117; comparações: -154010755; delocamentos: 299997
		Insertion Sort:
			20 itens: 0.000017; 0.000005; 0.000005; 0.000006; 0.000006; 0.000005; 0.000007; 0.000005; 0.000006; 0.000006;    Médias:  tempo:0.000007; comparações: 19; delocamentos: 92
			500 itens: 0.004405; 0.004040; 0.004173; 0.004079; 0.003992; 0.004049; 0.003945; 0.004050; 0.004000; 0.003951;    Médias:  tempo:0.004068; comparações: 499; delocamentos: 61665
			5000 itens: 0.936591; 0.923018; 1.061703; 1.240247; 1.059408; 1.004469; 1.017693; 1.106180; 1.018589; 0.937953;    Médias:  tempo:1.030585; comparações: 4999; delocamentos: 6235720
			10000 itens: 5.007009; 5.123604; 4.966561; 5.314352; 5.066233; 5.186660; 5.085602; 5.414788; 5.169126; 5.750072;    Médias:  tempo:5.208401; comparações: 9999; delocamentos: 24989562
			100000 itens: 582.634860; 567.327070; 570.016646; 572.499795; 571.644863; 583.909334; 615.901101; 623.914172; 610.565116; 623.071102;    Médias:  tempo:592.148406; comparações: 99999; delocamentos: -77698207
		Quick Sort:
			20 itens: 0.000006; 0.000005; 0.000005; 0.000005; 0.000005; 0.000005; 0.000005; 0.000005; 0.000005; 0.000005;    Médias:  tempo:0.000005; comparações: 48; delocamentos: 77
			500 itens: 0.000275; 0.000251; 0.000249; 0.000242; 0.000245; 0.000244; 0.000246; 0.000239; 0.000278; 0.000335;    Médias:  tempo:0.000260; comparações: 3265; delocamentos: 3553
			5000 itens: 0.005937; 0.004773; 0.005174; 0.005221; 0.004932; 0.004926; 0.004871; 0.004864; 0.004878; 0.004788;    Médias:  tempo:0.005036; comparações: 48421; delocamentos: 46936
			10000 itens: 0.011329; 0.011440; 0.011437; 0.011304; 0.011216; 0.011373; 0.011400; 0.011435; 0.011320; 0.011227;    Médias:  tempo:0.011348; comparações: 105163; delocamentos: 100880
			100000 itens: 0.161792; 0.161857; 0.163947; 0.161259; 0.162162; 0.164155; 0.159934; 0.161153; 0.163943; 0.163136;    Médias:  tempo:0.162334; comparações: 1404000; delocamentos: 1232721
		Shell Sort:
			20 itens: 0.000006; 0.000007; 0.000006; 0.000005; 0.000007; 0.000008; 0.000005; 0.000005; 0.000005; 0.000005;    Médias:  tempo:0.000006; comparações: 80; delocamentos: 136
			500 itens: 0.000539; 0.000483; 0.000522; 0.000522; 0.000514; 0.000494; 0.000474; 0.000500; 0.000458; 0.000510;    Médias:  tempo:0.000502; comparações: 5882; delocamentos: 10894
			5000 itens: 0.014785; 0.014238; 0.014219; 0.016336; 0.014431; 0.014754; 0.014866; 0.015038; 0.014462; 0.014710;    Médias:  tempo:0.014784; comparações: 100029; delocamentos: 201337
			10000 itens: 0.036217; 0.036929; 0.035296; 0.036409; 0.036223; 0.035615; 0.037830; 0.038277; 0.036201; 0.034764;    Médias:  tempo:0.036376; comparações: 234597; delocamentos: 491093
			100000 itens: 0.696981; 0.654492; 0.675464; 0.682146; 0.629338; 0.669903; 0.695858; 0.683919; 0.658261; 0.680077;    Médias:  tempo:0.672644; comparações: 3863407; delocamentos: 8812749
		Heap Sort:
			20 itens: 0.000010; 0.000009; 0.000009; 0.000010; 0.000009; 0.000008; 0.000009; 0.000009; 0.000009; 0.000009;    Médias:  tempo:0.000009; comparações: 247; delocamentos: 217
			500 itens: 0.000570; 0.000533; 0.000536; 0.000535; 0.000536; 0.000524; 0.000534; 0.000530; 0.000528; 0.000527;    Médias:  tempo:0.000535; comparações: 12861; delocamentos: 12111
			5000 itens: 0.011514; 0.011295; 0.011332; 0.011344; 0.011274; 0.011357; 0.011237; 0.011306; 0.011438; 0.011242;    Médias:  tempo:0.011334; comparações: 178817; delocamentos: 171317
			10000 itens: 0.028683; 0.027551; 0.027648; 0.027465; 0.027302; 0.027303; 0.027570; 0.027457; 0.027285; 0.027418;    Médias:  tempo:0.027568; comparações: 387596; delocamentos: 372596
			100000 itens: 0.442046; 0.441009; 0.439389; 0.439945; 0.443852; 0.440706; 0.439113; 0.440911; 0.439591; 0.439472;    Médias:  tempo:0.440603; comparações: 4874813; delocamentos: 4724813
		Merge Sort:
			20 itens: 0.000096; 0.000041; 0.000036; 0.000053; 0.000096; 0.000070; 0.000071; 0.000058; 0.000069; 0.000068;    Médias:  tempo:0.000066; comparações: 63; delocamentos: 88
			500 itens: 0.005368; 0.009576; 0.005462; 0.018913; 0.005302; 0.020652; 0.004618; 0.001315; 0.015113; 0.001289;    Médias:  tempo:0.008761; comparações: 3852; delocamentos: 4488
			5000 itens: 0.104436; 0.024908; 0.022968; 0.017731; 0.027983; 0.021834; 0.031792; 0.021795; 0.030874; 0.022020;    Médias:  tempo:0.032634; comparações: 55220; delocamentos: 61808
			10000 itens: 0.062306; 0.067229; 0.059153; 0.048262; 0.059268; 0.075373; 0.047650; 0.083600; 0.072731; 0.067819;    Médias:  tempo:0.064339; comparações: 120446; delocamentos: 133616
			100000 itens: 0.858854; 0.765090; 0.833368; 0.868629; 0.753044; 0.757318; 0.823225; 0.821047; 0.794266; 0.775959;    Médias:  tempo:0.805080; comparações: 1536333; delocamentos: 1668928
	Crescente:
		Selection Sort:
			20 itens: 0.000004; 0.000003; 0.000003; 0.000003; 0.000003; 0.000003; 0.000003; 0.000003; 0.000004; 0.000004;    Médias:  tempo:0.000003; comparações: 190; delocamentos: 57
			500 itens: 0.000624; 0.000601; 0.000577; 0.000580; 0.000578; 0.000577; 0.000578; 0.000582; 0.000577; 0.000577;    Médias:  tempo:0.000585; comparações: 124750; delocamentos: 1497
			5000 itens: 0.059890; 0.058822; 0.060798; 0.058695; 0.058796; 0.058757; 0.058618; 0.058702; 0.058782; 0.059168;    Médias:  tempo:0.059103; comparações: 12497500; delocamentos: 14997
			10000 itens: 0.261588; 0.261968; 0.261897; 0.261594; 0.261698; 0.267749; 0.261685; 0.261823; 0.261732; 0.261889;    Médias:  tempo:0.262362; comparações: 49995000; delocamentos: 29997
			100000 itens: 96.101458; 95.958093; 96.091351; 96.223442; 96.099848; 96.186432; 96.140641; 96.012068; 96.049341; 96.123284;    Médias:  tempo:96.098596; comparações: -154010755; delocamentos: 299997
		Insertion Sort:
			20 itens: 0.000004; 0.000003; 0.000002; 0.000002; 0.000003; 0.000003; 0.000002; 0.000002; 0.000003; 0.000003;    Médias:  tempo:0.000003; comparações: 19; delocamentos: 0
			500 itens: 0.000081; 0.000062; 0.000062; 0.000065; 0.000043; 0.000043; 0.000045; 0.000043; 0.000043; 0.000050;    Médias:  tempo:0.000054; comparações: 499; delocamentos: 0
			5000 itens: 0.001047; 0.001002; 0.001001; 0.001101; 0.001015; 0.000991; 0.001128; 0.001296; 0.001019; 0.001176;    Médias:  tempo:0.001078; comparações: 4999; delocamentos: 0
			10000 itens: 0.002100; 0.002237; 0.002141; 0.002099; 0.002061; 0.002197; 0.002064; 0.002051; 0.002417; 0.002459;    Médias:  tempo:0.002183; comparações: 9999; delocamentos: 0
			100000 itens: 0.021363; 0.021227; 0.021167; 0.021270; 0.021571; 0.021555; 0.021585; 0.021370; 0.021223; 0.022225;    Médias:  tempo:0.021456; comparações: 99999; delocamentos: 0
		Quick Sort:
			20 itens: 0.000003; 0.000007; 0.000002; 0.000002; 0.000002; 0.000002; 0.000002; 0.000002; 0.000002; 0.000002;    Médias:  tempo:0.000003; comparações: 54; delocamentos: 36
			500 itens: 0.000068; 0.000048; 0.000046; 0.000046; 0.000046; 0.000046; 0.000046; 0.000046; 0.000045; 0.000045;    Médias:  tempo:0.000048; comparações: 3498; delocamentos: 765
			5000 itens: 0.001311; 0.001212; 0.001195; 0.001177; 0.001265; 0.001174; 0.001183; 0.001160; 0.001173; 0.001174;    Médias:  tempo:0.001202; comparações: 51822; delocamentos: 8856
			10000 itens: 0.002649; 0.002598; 0.003017; 0.002763; 0.002575; 0.002627; 0.002644; 0.002541; 0.002587; 0.002565;    Médias:  tempo:0.002657; comparações: 113631; delocamentos: 17712
			100000 itens: 0.033114; 0.034067; 0.033057; 0.033176; 0.033003; 0.033127; 0.033351; 0.033469; 0.033192; 0.033066;    Médias:  tempo:0.033262; comparações: 1468946; delocamentos: 196605
		Shell Sort:
			20 itens: 0.000001; 0.000001; 0.000007; 0.000001; 0.000000; 0.000001; 0.000001; 0.000001; 0.000000; 0.000000;    Médias:  tempo:0.000001; comparações: 42; delocamentos: 0
			500 itens: 0.000019; 0.000013; 0.000012; 0.000012; 0.000013; 0.000012; 0.000012; 0.000013; 0.000019; 0.000018;    Médias:  tempo:0.000014; comparações: 2457; delocamentos: 0
			5000 itens: 0.000264; 0.000231; 0.000229; 0.000224; 0.000224; 0.000220; 0.000211; 0.000211; 0.000210; 0.000211;    Médias:  tempo:0.000223; comparações: 35084; delocamentos: 0
			10000 itens: 0.000566; 0.000572; 0.000516; 0.000502; 0.000511; 0.000510; 0.000515; 0.000510; 0.000512; 0.000511;    Médias:  tempo:0.000522; comparações: 75243; delocamentos: 0
			100000 itens: 0.021800; 0.020165; 0.018808; 0.018569; 0.018650; 0.018635; 0.018535; 0.018700; 0.018442; 0.018724;    Médias:  tempo:0.019103; comparações: 967146; delocamentos: 0
		Heap Sort:
			20 itens: 0.000018; 0.000010; 0.000009; 0.000009; 0.000009; 0.000009; 0.000009; 0.000009; 0.000009; 0.000009;    Médias:  tempo:0.000010; comparações: 273; delocamentos: 243
			500 itens: 0.000565; 0.000522; 0.000544; 0.000522; 0.000522; 0.000521; 0.000519; 0.000521; 0.000524; 0.000522;    Médias:  tempo:0.000528; comparações: 13815; delocamentos: 13065
			5000 itens: 0.010301; 0.010368; 0.010179; 0.010240; 0.010205; 0.010177; 0.010081; 0.010377; 0.010073; 0.010149;    Médias:  tempo:0.010215; comparações: 190299; delocamentos: 182799
			10000 itens: 0.022711; 0.022813; 0.022791; 0.022707; 0.022807; 0.022727; 0.022688; 0.022790; 0.023399; 0.022964;    Médias:  tempo:0.022840; comparações: 410871; delocamentos: 395871
			100000 itens: 0.281925; 0.282677; 0.282576; 0.282426; 0.282229; 0.282609; 0.282504; 0.282724; 0.282517; 0.283048;    Médias:  tempo:0.282523; comparações: 5102565; delocamentos: 4952565
		Merge Sort:
			20 itens: 0.000055; 0.000038; 0.000039; 0.000037; 0.000036; 0.000036; 0.000035; 0.000035; 0.000035; 0.000036;    Médias:  tempo:0.000038; comparações: 48; delocamentos: 88
			500 itens: 0.003217; 0.003548; 0.000000; 0.000000; 0.000000; 0.000000; 0.002521; 0.002735; 0.000000; 0.003218;    Médias:  tempo:0.001524; comparações: 2272; delocamentos: 4488
			5000 itens: 0.021848; 0.023617; 0.036746; 0.027101; 0.021737; 0.017670; 0.029900; 0.042844; 0.032999; 0.038678;    Médias:  tempo:0.029314; comparações: 32004; delocamentos: 61808
			10000 itens: 0.074530; 0.045825; 0.073528; 0.061771; 0.078518; 0.062037; 0.041993; 0.042189; 0.073432; 0.062572;    Médias:  tempo:0.061639; comparações: 69008; delocamentos: 133616
			100000 itens: 0.826169; 0.771695; 0.815170; 0.778186; 0.776945; 0.828705; 0.785190; 0.833652; 0.808077; 0.839859;    Médias:  tempo:0.806365; comparações: 853904; delocamentos: 1668928
	Decrescente:
		Selection Sort:
			20 itens: 0.000004; 0.000004; 0.000004; 0.000004; 0.000004; 0.000004; 0.000004; 0.000003; 0.000004; 0.000004;    Médias:  tempo:0.000004; comparações: 190; delocamentos: 57
			500 itens: 0.000635; 0.000595; 0.000594; 0.000593; 0.000594; 0.000594; 0.000602; 0.000594; 0.000593; 0.000592;    Médias:  tempo:0.000599; comparações: 124750; delocamentos: 1497
			5000 itens: 0.061515; 0.061433; 0.061433; 0.061527; 0.061509; 0.061538; 0.061576; 0.061672; 0.061541; 0.061702;    Médias:  tempo:0.061545; comparações: 12497500; delocamentos: 14997
			10000 itens: 0.272849; 0.266665; 0.266820; 0.266314; 0.266684; 0.272613; 0.266751; 0.266937; 0.267127; 0.267005;    Médias:  tempo:0.267976; comparações: 49995000; delocamentos: 29997
			100000 itens: 99.829212; 99.840871; 99.763991; 99.799117; 99.768056; 99.945451; 99.905163; 99.738996; 99.767855; 99.792815;    Médias:  tempo:99.815153; comparações: -154010755; delocamentos: 299997
		Insertion Sort:
			20 itens: 0.000017; 0.000009; 0.000009; 0.000009; 0.000009; 0.000010; 0.000010; 0.000009; 0.000009; 0.000009;    Médias:  tempo:0.000010; comparações: 19; delocamentos: 190
			500 itens: 0.008938; 0.009098; 0.008914; 0.008927; 0.008909; 0.008959; 0.009099; 0.008939; 0.008934; 0.008915;    Médias:  tempo:0.008963; comparações: 499; delocamentos: 124750
			5000 itens: 2.429836; 2.317159; 2.454243; 2.372773; 2.320274; 2.844683; 2.414949; 2.333410; 2.393161; 2.329066;    Médias:  tempo:2.420955; comparações: 4999; delocamentos: 12497500
			10000 itens: 11.067296; 11.023365; 11.112966; 11.072709; 11.149734; 11.076437; 11.050517; 11.050395; 12.610793; 12.161109;    Médias:  tempo:11.337532; comparações: 9999; delocamentos: 49995000
			100000 itens: 1243.763874; 1231.144929; 1225.842902; 1227.243645; 1227.348685; 1238.750800; 1247.152795; 1233.851985; 1261.956944; 1338.624821;    Médias:  tempo:1247.568138; comparações: 99999; delocamentos: -154010755
		Quick Sort:
			20 itens: 0.000008; 0.000003; 0.000003; 0.000002; 0.000003; 0.000002; 0.000002; 0.000003; 0.000002; 0.000003;    Médias:  tempo:0.000003; comparações: 38; delocamentos: 66
			500 itens: 0.000092; 0.000072; 0.000071; 0.000070; 0.000070; 0.000070; 0.000069; 0.000069; 0.000068; 0.000069;    Médias:  tempo:0.000072; comparações: 3006; delocamentos: 1512
			5000 itens: 0.002354; 0.002237; 0.002173; 0.002188; 0.002196; 0.002198; 0.002180; 0.002185; 0.002238; 0.002195;    Médias:  tempo:0.002214; comparações: 46834; delocamentos: 16356
			10000 itens: 0.004941; 0.004810; 0.004699; 0.004801; 0.004774; 0.004914; 0.004820; 0.004797; 0.004831; 0.004774;    Médias:  tempo:0.004816; comparações: 103644; delocamentos: 32712
			100000 itens: 0.054923; 0.055128; 0.055263; 0.054934; 0.054916; 0.054904; 0.055087; 0.055000; 0.055785; 0.063753;    Médias:  tempo:0.055969; comparações: 1368962; delocamentos: 346602
		Shell Sort:
			20 itens: 0.000005; 0.000004; 0.000004; 0.000004; 0.000004; 0.000003; 0.000004; 0.000004; 0.000003; 0.000004;    Médias:  tempo:0.000004; comparações: 60; delocamentos: 90
			500 itens: 0.000295; 0.000252; 0.000252; 0.000251; 0.000252; 0.000252; 0.000264; 0.000252; 0.000252; 0.000251;    Médias:  tempo:0.000257; comparações: 4053; delocamentos: 5412
			5000 itens: 0.006437; 0.006250; 0.006241; 0.006373; 0.006195; 0.006186; 0.006418; 0.006234; 0.006201; 0.006228;    Médias:  tempo:0.006276; comparações: 51491; delocamentos: 57636
			10000 itens: 0.018255; 0.018425; 0.018573; 0.018446; 0.018545; 0.018435; 0.020956; 0.018581; 0.018460; 0.018478;    Médias:  tempo:0.018715; comparações: 120190; delocamentos: 161112
			100000 itens: 0.211281; 0.211328; 0.214541; 0.211408; 0.210808; 0.211335; 0.210925; 0.211103; 0.211157; 0.214771;    Médias:  tempo:0.211866; comparações: 1533494; delocamentos: 1858962
		Heap Sort:
			20 itens: 0.000008; 0.000008; 0.000008; 0.000007; 0.000007; 0.000007; 0.000007; 0.000007; 0.000008; 0.000007;    Médias:  tempo:0.000007; comparações: 219; delocamentos: 189
			500 itens: 0.000499; 0.000454; 0.000447; 0.000446; 0.000452; 0.000446; 0.000447; 0.000447; 0.000451; 0.000446;    Médias:  tempo:0.000454; comparações: 11781; delocamentos: 11031
			5000 itens: 0.008986; 0.008823; 0.008763; 0.008753; 0.008775; 0.008767; 0.008790; 0.008788; 0.008784; 0.008894;    Médias:  tempo:0.008812; comparações: 167811; delocamentos: 160311
			10000 itens: 0.020031; 0.020098; 0.020078; 0.020207; 0.020112; 0.020062; 0.020058; 0.020056; 0.020012; 0.020094;    Médias:  tempo:0.020081; comparações: 365091; delocamentos: 350091
			100000 itens: 0.265783; 0.265713; 0.266118; 0.265739; 0.266197; 0.265938; 0.265610; 0.265783; 0.265707; 0.266266;    Médias:  tempo:0.265885; comparações: 4642305; delocamentos: 4492305
		Merge Sort:
			20 itens: 0.000059; 0.000038; 0.000042; 0.000040; 0.000040; 0.000039; 0.000037; 0.000037; 0.000037; 0.000037;    Médias:  tempo:0.000041; comparações: 40; delocamentos: 88
			500 itens: 0.003083; 0.000211; 0.003478; 0.000000; 0.002353; 0.003464; 0.003463; 0.003440; 0.003477; 0.003430;    Médias:  tempo:0.002640; comparações: 2216; delocamentos: 4488
			5000 itens: 0.025182; 0.043668; 0.029825; 0.018952; 0.024899; 0.030727; 0.025020; 0.026782; 0.034144; 0.033680;    Médias:  tempo:0.029288; comparações: 29804; delocamentos: 61808
			10000 itens: 0.081662; 0.062289; 0.050434; 0.054576; 0.065254; 0.058058; 0.054459; 0.085966; 0.070497; 0.034655;    Médias:  tempo:0.061785; comparações: 64608; delocamentos: 133616
			100000 itens: 0.870022; 0.799622; 0.805850; 0.849262; 0.744424; 0.792979; 0.825640; 0.803608; 0.776825; 0.772514;    Médias:  tempo:0.804075; comparações: 815024; delocamentos: 1668928
